0 0.099662 0.282039 0.135135 0.255540
0 0.119932 0.651821 0.141892 0.231489
0 0.043919 0.897311 0.081081 0.205377
0 0.239020 0.940904 0.123311 0.118193
0 0.347128 0.891299 0.109797 0.217403
0 0.434122 0.746521 0.104730 0.276585
0 0.353885 0.450395 0.140203 0.273578
0 0.447635 0.423338 0.111486 0.171362
0 0.331081 0.146753 0.128378 0.219464
0 0.217905 0.121199 0.070946 0.192407
0 0.099662 0.054587 0.104730 0.109174
0 0.967905 0.143747 0.050676 0.159337
0 0.912162 0.036549 0.047297 0.073098
0 0.847973 0.197861 0.070946 0.231489
0 0.707770 0.086154 0.087838 0.172307
0 0.695101 0.393274 0.072635 0.219464
0 0.777027 0.427847 0.047297 0.186394
0 0.852196 0.536076 0.072635 0.192407
0 0.907095 0.518038 0.067568 0.162343
0 0.981419 0.594700 0.037162 0.213451
0 0.701014 0.657834 0.114865 0.213451
0 0.608108 0.629273 0.104730 0.198419
0 0.516047 0.322625 0.089527 0.228483
0 0.595439 0.367720 0.099662 0.210445
0 0.439189 0.056090 0.101351 0.112180
0 0.522804 0.078638 0.099662 0.157276
0 0.579392 0.051581 0.067568 0.103161
0 0.826858 0.769069 0.069257 0.213451
0 0.898649 0.766062 0.084459 0.195413
0 0.975507 0.847234 0.048986 0.237502
0 0.773649 0.797629 0.077703 0.222470
0 0.644426 0.848737 0.099662 0.210445
0 0.464527 0.963451 0.070946 0.073098
0 0.586149 0.913846 0.104730 0.172307
0 0.505912 0.841221 0.055743 0.255540
0 0.542230 0.626267 0.101351 0.168356