0 0.109797 0.111625 0.084459 0.116766
0 0.217061 0.096395 0.089527 0.142150
0 0.051520 0.279159 0.103041 0.177688
0 0.168919 0.276621 0.141892 0.157381
0 0.057432 0.464462 0.094595 0.137074
0 0.017736 0.616766 0.035473 0.116766
0 0.070946 0.717033 0.125000 0.195457
0 0.104730 0.907413 0.074324 0.119305
0 0.232264 0.875683 0.133446 0.192918
0 0.226351 0.686572 0.087838 0.139612
0 0.183277 0.494923 0.123311 0.187842
0 0.330236 0.126855 0.089527 0.101536
0 0.467061 0.267736 0.086149 0.134535
0 0.344595 0.601536 0.121622 0.152304
0 0.380912 0.799531 0.092905 0.131997
0 0.396959 0.950566 0.121622 0.093921
0 0.535473 0.902336 0.084459 0.139612
0 0.506757 0.700534 0.128378 0.162458
0 0.495777 0.527922 0.089527 0.131997
0 0.570101 0.252506 0.103041 0.114228
0 0.476351 0.102741 0.087838 0.124382
0 0.577703 0.059620 0.101351 0.119240
0 0.686655 0.064697 0.089527 0.129394
0 0.812500 0.054543 0.081081 0.109087
0 0.689189 0.346427 0.087838 0.129458
0 0.593750 0.508884 0.099662 0.119305
0 0.701014 0.493654 0.091216 0.109151
0 0.645270 0.715764 0.091216 0.131997
0 0.636824 0.894721 0.074324 0.124382
0 0.720439 0.955610 0.086149 0.088779
0 0.767736 0.741148 0.082770 0.142150
0 0.751689 0.894721 0.091216 0.109151
0 0.854730 0.874414 0.094595 0.124382
0 0.877534 0.709418 0.069257 0.124382
0 0.967061 0.810954 0.055743 0.109151
0 0.943412 0.593921 0.089527 0.111690
0 0.809122 0.321043 0.087838 0.139612
0 0.901182 0.252506 0.076014 0.124382
0 0.931588 0.427656 0.076014 0.139612
0 0.833615 0.487308 0.089527 0.137074
0 0.965372 0.073549 0.069257 0.131997
0 0.940878 0.140817 0.097973 0.114228
0 0.987331 0.355311 0.025338 0.137074
0 0.024493 0.941649 0.048986 0.116702
0 0.001689 0.828723 0.003378 0.129458