0 0.076858 0.412736 0.099662 0.110676
0 0.041385 0.674527 0.082770 0.106419
0 0.374155 0.084966 0.140203 0.157500
0 0.358953 0.415929 0.092905 0.112804
0 0.180743 0.418057 0.097973 0.108547
0 0.263514 0.424443 0.067568 0.100034
0 0.500000 0.368041 0.118243 0.136216
0 0.627534 0.311639 0.001689 0.002128
0 0.614865 0.326537 0.097973 0.117061
0 0.476351 0.550017 0.091216 0.117061
0 0.349662 0.595777 0.087838 0.102162
0 0.142736 0.667078 0.086149 0.100034
0 0.230574 0.633024 0.086149 0.108547
0 0.212838 0.739443 0.118243 0.095777
0 0.594595 0.556402 0.091216 0.112804
0 0.980574 0.360591 0.038851 0.125574
0 0.690878 0.434020 0.081081 0.110676
0 0.940034 0.762855 0.092905 0.091520
0 0.714527 0.600034 0.094595 0.106419
0 0.539696 0.756470 0.099662 0.091520
0 0.657095 0.780946 0.091216 0.085135
0 0.656250 0.882044 0.082770 0.070236
0 0.658784 0.969223 0.091216 0.061554
0 0.336149 0.860760 0.091216 0.074493
0 0.234797 0.867145 0.077703 0.078750
0 0.147804 0.872466 0.079392 0.089392
0 0.132601 0.949088 0.001689 0.000000
0 0.150338 0.967095 0.094595 0.065811
0 0.331926 0.958581 0.096284 0.082838
0 0.239865 0.939510 0.000000 0.002128
0 0.250000 0.963902 0.070946 0.072196
0 0.500845 0.902264 0.001689 0.000000