0 0.053209 0.566797 0.055743 0.104552
0 0.141047 0.552276 0.059122 0.104552
0 0.281250 0.337364 0.055743 0.069701
0 0.466216 0.129712 0.064189 0.090031
0 0.542230 0.123904 0.064189 0.095839
0 0.602196 0.122451 0.065878 0.098743
0 0.681588 0.134068 0.055743 0.098743
0 0.344595 0.335912 0.027027 0.113265
0 0.389358 0.337364 0.042230 0.116169
0 0.440878 0.335912 0.033784 0.124881
0 0.484797 0.340268 0.043919 0.116169
0 0.538851 0.341720 0.050676 0.124881
0 0.610642 0.331555 0.065878 0.116169
0 0.140203 0.665541 0.064189 0.110360
0 0.138514 0.791874 0.060811 0.107456
0 0.215372 0.552276 0.059122 0.127786
0 0.286318 0.555180 0.065878 0.121977
0 0.353885 0.555180 0.042230 0.110360
0 0.405405 0.555180 0.050676 0.110360
0 0.468750 0.558084 0.069257 0.104552
0 0.529561 0.552276 0.059122 0.110360
0 0.590372 0.556632 0.059122 0.101648
0 0.655405 0.560989 0.067568 0.116169
0 0.738176 0.547920 0.060811 0.078414
0 0.734797 0.637950 0.060811 0.090031
0 0.958615 0.555180 0.059122 0.104552