0 0.077731 0.227941 0.138655 0.254202
0 0.200630 0.207983 0.002101 0.000000
0 0.278361 0.132353 0.250000 0.189076
0 0.532563 0.228992 0.199580 0.210084
0 0.705882 0.289916 0.008403 0.004202
0 0.678571 0.292017 0.105042 0.096639
0 0.417017 0.385504 0.250000 0.224790
0 0.077731 0.424370 0.004202 0.000000
0 0.238445 0.530462 0.228992 0.237395
0 0.504202 0.545168 0.201681 0.203782
0 0.653361 0.516807 0.210084 0.243697
0 0.861345 0.640756 0.256303 0.281513
0 0.947479 0.339286 0.000000 0.002101
0 0.300420 0.798319 0.348739 0.058824