0 0.221284 0.596459 0.229730 0.436605
0 0.467905 0.810954 0.266892 0.368068
0 0.627534 0.516500 0.157095 0.256378
0 0.356419 0.336273 0.104730 0.149766
0 0.433277 0.394656 0.123311 0.154842
0 0.472128 0.482231 0.103041 0.192918
0 0.534628 0.224584 0.123311 0.205610
0 0.628378 0.185239 0.148649 0.187842
0 0.823480 0.224584 0.133446 0.230994
0 0.775338 0.422579 0.101351 0.139612
0 0.657095 0.304543 0.097973 0.121843
0 0.312500 0.078658 0.236486 0.157316
0 0.900338 0.082466 0.189189 0.164931
0 0.728885 0.081196 0.190878 0.162393
0 0.602196 0.031698 0.170608 0.063395
0 0.713682 0.362926 0.096284 0.126920